name: global_product_project
channels:
  - conda-forge
  - defaults
dependencies:
  - brotli-python=1.1.0=py38hd3f51b4_1
  - bzip2=1.0.8=hcfcfb64_5
  - ca-certificates=2024.8.30=h56e8100_0
  - certifi=2024.8.30=pyhd8ed1ab_0
  - charset-normalizer=3.4.0=pyhd8ed1ab_0
  - idna=3.10=pyhd8ed1ab_0
  - intel-openmp=2025.0.0=h57928b3_1164
  - krb5=1.21.3=hdf4eb48_0
  - lerc=4.0.0=h63175ca_0
  - libblas=3.9.0=8_mkl
  - libcblas=3.9.0=8_mkl
  - libcurl=8.10.1=h1ee3ff0_0
  - libdeflate=1.18=hcfcfb64_0
  - libffi=3.4.2=h8ffe710_5
  - libjpeg-turbo=2.1.5.1=hcfcfb64_1
  - liblapack=3.9.0=8_mkl
  - libsqlite=3.46.0=h2466b09_0
  - libssh2=1.11.1=he619c9f_0
  - libtiff=4.5.1=h6c8260b_1
  - libzlib=1.3.1=h2466b09_1
  - m2w64-gcc-libgfortran=5.3.0=6
  - m2w64-gcc-libs=5.3.0=7
  - m2w64-gcc-libs-core=5.3.0=7
  - m2w64-gmp=6.1.0=2
  - m2w64-libwinpthread-git=5.0.0.4634.697f757=2
  - mkl=2020.4=hb70f87d_311
  - msys2-conda-epoch=20160418=1
  - numpy=1.24.4=py38h1d91fd2_0
  - openssl=3.4.0=h2466b09_0
  - pip=24.0=pyhd8ed1ab_0
  - platformdirs=4.3.6=pyhd8ed1ab_0
  - pooch=1.8.2=pyhd8ed1ab_0
  - proj=9.2.0=heca977f_0
  - pykrige=1.7.2=py38haf47d59_2
  - pyproj=3.5.0=py38h24c0b3c_1
  - pysocks=1.7.1=py38haa244fe_5
  - python=3.8.19=h4de0772_0_cpython
  - python_abi=3.8=5_cp38
  - requests=2.32.3=pyhd8ed1ab_0
  - setuptools=70.1.1=pyhd8ed1ab_0
  - sqlite=3.46.0=h2466b09_0
  - tk=8.6.13=h5226925_1
  - ucrt=10.0.22621.0=h57928b3_0
  - urllib3=2.2.1=pyhd8ed1ab_0
  - vc=14.3=h8a93ad2_20
  - vc14_runtime=14.40.33810=ha82c5b3_20
  - vs2015_runtime=14.40.33810=h3bf8584_20
  - wheel=0.43.0=pyhd8ed1ab_1
  - win_inet_pton=1.1.0=py38haa244fe_5
  - xz=5.2.6=h8d14728_0
  - zstd=1.5.6=h0ea2cb4_0
  - pip:
    - contourpy==1.1.1
    - cycler==0.12.1
    - fonttools==4.53.0
    - importlib-resources==6.4.0
    - kiwisolver==1.4.5
    - matplotlib==3.7.5
    - packaging==24.1
    - pandas==2.0.3
    - pillow==10.4.0
    - pyparsing==3.1.2
    - python-dateutil==2.9.0.post0
    - pytz==2024.1
    - scipy==1.10.1
    - seaborn==0.13.2
    - six==1.16.0
    - tzdata==2024.1
    - zipp==3.19.2
prefix: C:\Users\idussail2\anaconda3\envs\global_product_project
